      Max Active             Beam     Lattice Beam Real-Time Factor          Latency              WER
            5000               13                5          1.04701         0.457563            23.66
            5000               13                6          1.05474         0.532766            23.66
            5000               13                7          1.06977         0.679098            23.66
            5000               14                5           1.0529         0.514917            23.62
            5000               14                6          1.06013         0.585224            23.62
            5000               14                7          1.07417         0.721956            23.62
            5000               15                5          1.05699         0.554695            23.55
            5000               15                6          1.07072         0.688289            23.55
            5000               15                7          1.08255          0.80347            23.55
            6000               13                5          1.04983         0.485002            23.69
            6000               13                6          1.05786         0.563156            23.69
            6000               13                7          1.07198         0.700625            23.69
            6000               14                5          1.05641         0.549023            23.69
            6000               14                6          1.06526         0.635172            23.69
            6000               14                7          1.07986         0.777301            23.69
            6000               15                5           1.0654          0.63658            23.62
            6000               15                6          1.07542         0.734045            23.62
            6000               15                7          1.10019         0.975191            23.62
            7000               13                5          1.05503         0.535591            23.69
            7000               13                6          1.06476           0.6303            23.69
            7000               13                7           1.0797         0.775752            23.69
            7000               14                5          1.06268         0.610048            23.69
            7000               14                6          1.07855         0.764499            23.69
            7000               14                7          1.08753         0.851915            23.69
            7000               15                5           1.0742         0.722189            23.62
            7000               15                6          1.08602         0.837262            23.62
            7000               15                7          1.11925           1.1607            23.62
